1
0
0.0009610653
2 3 4 5 6
7 8 10 11 12
13 14 15 16 17
18 20
1 3 6 8 10
11 16 17 18 20
1 2 4 5 6
8 10 11 13 14
16 17 20
1 3 5 6 8
10 11 13 16 17
20
1 3 4 6 7
8 10 11 16 17
20
1 2 3 4 5
8 10 11 13 16
17 20
1 5 8 10 11
16 17 20
1 2 3 4 5
6 7 9 10 11
12 13 14 16 17
18 19 20
8 12
1 2 3 4 5
6 7 8 11 12
13 16 17 18 20
1 2 3 4 5
6 7 8 10 13
16 17 18 20
1 8 9 10 16
17 20
1 3 4 6 8
10 11 14 16 17
20
1 3 8 13 16
1 19
1 2 3 4 5
6 7 8 10 11
12 13 14 17 18
20
1 2 3 4 5
6 7 8 10 11
12 13 16 20
1 2 8 10 11
16 19 20
8 15 18
1 2 3 4 5
6 7 8 10 11
12 13 16 17 18
