1
0
0.00199604
2 3 4 5 6
7 8 9 10 11
12 13 14 15 17
19 20
1 3 4 5 6
8 10 11 13 16
1 2 4 5 6
7 8 10 11 16
17 18 20
1 2 3 5 6
8 10 13 16 17
20
1 2 3 4 6
8 11 13 16 17
20
1 2 3 4 5
10 11 13 16 17
18 20
1 3 8 10 11
16 17 20
1 2 3 4 5
7 9 10 11 12
13 14 15 16 17
18 19 20
1 8
1 2 3 4 6
7 8 11 12 13
14 16 17 18 20
1 2 3 5 6
7 8 10 12 13
16 17 18 20
1 8 10 11 16
17 20
1 2 4 5 6
8 10 11 16 17
20
1 8 10 16 20
1 8
2 3 4 5 6
7 8 10 11 12
13 14 17 18 19
20
1 3 4 5 6
7 8 10 11 12
13 16 18 20
3 6 8 10 11
16 17 20
1 8 16
1 3 4 5 6
7 8 10 11 12
13 14 16 17 18
