1
0
0.339915
2 3 4 5 6
7 8 10 11 12
13 14 16 17 18
19 20
1 3 6 8 10
11 16 17 20
1 2 4 5 6
8 10 11 13 16
17 18 20
1 3 5 6 7
8 10 11 13 16
20
1 3 4 6 8
10 11 13 16 17
20
1 2 3 4 5
8 10 11 13 16
17 20
1 4 8 10 11
16 18 20
1 2 3 4 5
6 7 10 11 12
13 14 15 16 17
18 19 20
13 20
1 2 3 4 5
6 7 8 11 13
15 16 17 18 20
1 2 3 4 5
6 7 8 10 13
16 17 18 20
1 8 16 17 19
20
1 3 4 5 6
8 9 10 11 16
20
1 8 16 17 20
8 10
1 2 3 4 5
6 7 8 10 11
12 13 14 17 18
20
1 2 3 5 6
8 10 11 12 14
16 18
1 3 7 8 10
11 16 17
1 8 12
1 2 3 4 5
6 7 8 9 10
11 12 13 14 16
