1
0
0.0009980202
2 3 4 5 6
7 8 10 11 12
13 14 16 17 18
19 20
1 4 6 8 10
13 16 17 19 20
1 4 5 6 7
8 10 11 13 16
17 18 20
1 2 3 5 6
8 10 11 16 17
20
1 3 4 6 8
10 11 13 16 17
20
1 2 3 4 5
8 10 11 13 16
17 20
1 3 8 10 11
16 17 20
1 2 3 4 5
6 7 9 10 11
12 13 14 15 16
17 18 20
8 19
1 2 3 4 5
6 7 8 11 12
13 16 17 18 20
1 3 4 5 6
7 8 10 13 14
16 17 18 20
1 8 10 14 15
16 20
1 2 3 5 6
8 10 11 16 17
20
1 8 11 12 16
8 12
1 2 3 4 5
6 7 8 10 11
12 13 14 17 18
20
1 2 3 4 5
6 7 8 10 11
13 16 18 20
1 3 8 10 11
16 17 20
1 2 9
1 2 3 4 5
6 7 8 10 11
12 13 16 17 18
